Ports
1752409195
1752409195
1752409195
1752409196
1752409196
1752409196
1752409196
1752409196
1752409196
1752409196
1752409196
1752409196
1752409196
1752409196
1752409196
1752409196
1752409197
1752409197
1752409197
1752409197
1752409197
1752409197
1752409197
1752409197
1752409197
1752409197
1752409197
1752409197
1752409198
1752409198
1752409198
1752409198
1752409198
1752409198
1752409198
1752409198
1752409198
1752409198
1752409198
1752409199
1752409199
1752409199
1752409199
1752409199
1752409199
1752409199
1752409199
1752409199
1752409199
1752409199
1752409199
1752409199
1752409199
1752409199
1752409199
1752409199
1752409199
1752409199
1752409200
1752409200
1752409200
1752409200
1752409200
1752409200
1752409200
1752409200
1752409200
1752409200
1752409200
1752409200
1752409200
1752409200
1752409200
1752409200
1752409201
1752409201
1752409201
1752409201
1752409201
1752409201
1752409201
1752409201
1752409201
1752409201
1752409201
1752409201
1752409201
1752409202
1752409202
1752409202
1752409202
1752409202
1752409202
1752409202
1752409202
1752409202
1752409202
1752409202
1752409202
1752409202
1752409202
1752409202
1752409202
1752409202
1752409202
1752409202
1752409202
1752409203
1752409203
1752409203
1752409203
1752409203
1752409203
1752409203
1752409203
1752409203
1752409203
1752409203
1752409203
1752409203
1752409203
1752409203
1752409203
1752409203
1752409203
1752409203
1752409204
1752409204
1752409204
1752409204
1752409204
1752409204
1752409204
1752409204
1752409204
1752409204
1752409204
1752409204
1752409204
1752409204
1752409205
1752409205
1752409205
1752409205
1752409205
1752409205
1752409205
1752409205
1752409205
1752409206
1752409206
1752409206
1752409206
1752409206
1752409206
1752409206
1752409206
1752409206
1752409206
1752409206
1752409207
1752409207
1752409207
1752409207
1752409207
1752409207
1752409207
1752409207
1752409207
1752409207
1752409207
1752409207
1752409207
1752409207
1752409207
1752409207
1752409207
1752409207
1752409207
1752409207
1752409207
1752409207
1752409207
1752409207
1752409207
1752409208
1752409208
1752409208
1752409208
1752409208
1752409208
1752409208
1752409208
1752409208
1752409208
1752409208
1752409209
1752409209
1752409209
1752409209
1752409209
1752409209
1752409209
1752409209
1752409209
1752409209
1752409209
1752409209
1752409210
1752409210
1752409210
1752409210
1752409210
1752409210
1752409210
1752409210
1752409210
1752409210
1752409210
1752409210
1752409210
1752409210
1752409210
1752409210
1752409210
1752409210
1752409210
1752409211
1752409211
1752409211
1752409211
1752409211
1752409211
1752409211
1752409211
1752409211
1752409211
1752409211
1752409211
1752409211
1752409211
1752409211
1752409211
1752409211
1752409211
1752409211
1752409211
1752409211
1752409211
1752409212
1752409212
1752409212
1752409212
1752409212
1752409212
1752409212
1752409212
1752409212
1752409212
1752409212
1752409212
1752409212
1752409212
1752409212
1752409213
1752409213
1752409213
1752409213
1752409213
1752409213
1752409213
1752409213
1752409213
1752409213
1752409213
1752409213
1752409213
1752409213
1752409214
1752409214
1752409214
1752409214
1752409214
1752409214
1752409214
1752409214
1752409214
1752409214
1752409214
1752409214
1752409214
1752409214
1752409214
1752409214
1752409214
1752409214
1752409214
1752409214
1752409214
1752409214
1752409214
1752409214
1752409214
1752409215
1752409215
1752409215
1752409215
1752409215
1752409215
1752409215
1752409215
1752409215
1752409215
1752409215
1752409215
1752409216
1752409216
1752409216
1752409216
1752409216
1752409216
1752409216
1752409216
1752409216
1752409216
1752409216
1752409216
1752409216
1752409216
1752409216
1752409216
1752409217
1752409217
1752409217
1752409217
1752409217
1752409217
1752409217
1752409217
1752409217
1752409217
1752409217
1752409217
1752409218
1752409218
1752409218
1752409218
1752409218
1752409218
1752409218
1752409218
1752409218
1752409218
1752409218
1752409218
1752409218
1752409218
1752409218
1752409218
1752409219
1752409219
1752409219
1752409219
1752409219
1752409219
1752409219
1752409219
1752409219
1752409219
1752409219
1752409219
1752409219
1752409219
1752409219
1752409219
1752409219
1752409219
1752409219
1752409220
1752409220
1752409220
1752409220
1752409220
1752409220
1752409220
1752409220
1752409220
1752409220
1752409220
1752409220
1752409220
1752409220
1752409220
1752409221
1752409221
1752409221
1752409221
1752409221
1752409221
1752409221
1752409221
1752409222
1752409222
1752409222
1752409222
1752409222
1752409222
1752409222
1752409222
1752409222
1752409222
1752409222
1752409222
1752409223
1752409223
1752409223
1752409223
1752409223
1752409223
1752409223
1752409223
1752409223
1752409223
1752409223
1752409224
1752409224
1752409224
1752409224
1752409224
1752409224
1752409224
1752409224
1752409225
1752409225
1752409225
1752409225
1752409225
1752409225
1752409225
1752409225
1752409226
1752409226
1752409226
1752409226
1752409226
1752409226
1752409226
1752409226
1752409226
1752409226
1752409226
1752409226
1752409226
1752409226
1752409226
1752409226
1752409226
1752409226
1752409226
1752409226
1752409227
1752409227
1752409227
1752409227
1752409227
1752409227
1752409227
1752409227
1752409227
1752409227
1752409227
1752409228
1752409228
1752409228
1752409228
1752409228
1752409228
1752409228
1752409228
1752409229
1752409229
1752409229
1752409229
1752409229
1752409229
1752409229
1752409229
1752409229
1752409229
1752409229
1752409229
1752409229
1752409230
1752409230
1752409230
1752409230
1752409230
1752409230
1752409230
1752409230
1752409230
1752409230
1752409230
1752409230
1752409230
1752409230
1752409230
1752409230
1752409230
1752409230
1752409230
1752409230
1752409230
1752409231
1752409231
1752409231
1752409231
1752409231
1752409231
1752409231
1752409231
1752409231
1752409231
1752409231
1752409231
1752409231
1752409231
1752409231
1752409231
1752409231
1752409231
1752409231
1752409231
1752409231
1752409232
1752409232
1752409232
1752409232
1752409232
1752409232
1752409232
1752409232
1752409232
1752409232
1752409233
1752409233
1752409233
1752409233
1752409233
1752409233
1752409233
1752409233
1752409233
1752409233
1752409233
1752409233
1752409233
1752409233
1752409233
1752409234
1752409234
1752409234
1752409234
1752409234
1752409234
1752409234
1752409234
1752409234
1752409234
1752409234
1752409234
1752409234
1752409234
1752409234
1752409234
1752409234
1752409234
1752409234
1752409235
1752409235
1752409235
1752409235
1752409235
1752409235
1752409235
1752409235
1752409235
1752409235
1752409235
1752409235
1752409235
1752409235
1752409235
1752409235
1752409235
1752409236
1752409236
1752409236
1752409236
1752409236
1752409236
1752409236
1752409236
1752409236
1752409236
1752409236
1752409236
1752409236
1752409236
1752409236
1752409236
1752409236
1752409236
1752409236
1752409236
1752409237
1752409237
1752409237
1752409237
1752409237
1752409237
1752409237
1752409237
1752409237
1752409237
1752409237
1752409237
1752409237
1752409237
1752409237
1752409237
1752409237
1752409237
1752409237
1752409238
1752409238
1752409238
1752409238
1752409238
1752409238
1752409238
1752409238
1752409238
1752409238
1752409238
1752409238
1752409238
1752409238
1752409238
1752409238
1752409238
1752409238
1752409239
1752409239
1752409239
1752409239
1752409239
1752409239
1752409239
1752409239
1752409239
1752409239
1752409239
1752409240
1752409240
1752409240
1752409240
1752409240
1752409240
1752409240
1752409240
1752409240
1752409240
1752409240
1752409240
1752409240
1752409240
1752409240
1752409240
1752409241
1752409241
1752409241
1752409241
1752409241
1752409241
1752409241
1752409241
1752409241
1752409241
1752409241
1752409241
1752409241
1752409241
1752409241
1752409241
1752409241
1752409241
1752409241
1752409242
1752409242
1752409242
1752409242
1752409242
1752409242
1752409242
1752409242
1752409242
1752409242
1752409242
1752409242
1752409242
1752409242
1752409242
1752409243
1752409243
1752409243
1752409243
1752409243
1752409243
1752409243
1752409243
1752409243
1752409243
1752409244
1752409244
1752409244
1752409244
1752409244
1752409244
1752409244
1752409244
1752409244
1752409244
1752409244
1752409245
1752409245
1752409245
1752409245
1752409245
1752409245
1752409245
1752409245
1752409245
1752409245
1752409245
1752409245
1752409245
1752409246
1752409246
1752409246
1752409246
1752409246
1752409246
1752409246
1752409246
1752409246
1752409246
1752409246
1752409246
1752409246
1752409246
1752409246
1752409246
1752409247
1752409247
1752409247
1752409247
1752409247
1752409247
1752409247
1752409247
1752409247
1752409247
1752409247
1752409247
1752409247
1752409247
1752409247
1752409247
1752409247
1752409248
1752409248
1752409248
1752409248
1752409248
1752409248
1752409248
1752409248
1752409248
1752409248
1752409248
1752409249
1752409249
1752409249
1752409249
1752409249
1752409249
1752409249
1752409249
1752409250
1752409250
1752409250
1752409250
1752409250
1752409250
1752409250
1752409250
1752409250
1752409250
1752409250
1752409250
1752409250
1752409251
1752409251
1752409251
1752409251
1752409251
1752409251
1752409251
1752409251
1752409251
1752409251
1752409251
1752409251
1752409251
1752409251
1752409251
1752409251
1752409251
1752409252
1752409252
1752409252
1752409252
1752409252
1752409252
1752409252
1752409252
1752409252
1752409252
1752409253
1752409253
1752409253
1752409253
1752409253
1752409253
1752409253
1752409253
1752409254
1752409254
1752409254
1752409254
1752409254
1752409254
1752409254
1752409254
1752409254
1752409254
1752409255
1752409255
1752409255
1752409255
1752409255
1752409255
1752409255
1752409255
1752409255
1752409255
1752409255
1752409255
1752409255
1752409255
1752409255
1752409255
1752409255
1752409256
1752409256
1752409256
1752409256
1752409256
1752409256
1752409256
1752409256
1752409256
1752409256
1752409256
1752409256
1752409256
1752409256
1752409256
1752409256
1752409256
1752409256
1752409257
1752409257
1752409257
1752409257
1752409257
1752409257
1752409257
1752409257
1752409257
1752409257
1752409257
1752409257
1752409257
1752409257
1752409258
1752409258
1752409258
1752409258
1752409258
1752409258
1752409258
1752409258
1752409258
1752409258
1752409258
1752409258
1752409258
1752409258
1752409258
1752409258
1752409258
1752409258
1752409259
1752409259
1752409259
1752409259
1752409259
1752409259
1752409259
1752409259
1752409259
1752409259
1752409259
1752409260
1752409260
1752409260
1752409260
1752409260
1752409260
1752409260
1752409260
1752409260
1752409260
1752409260
1752409260
1752409260
1752409260
1752409260
1752409260
1752409260
1752409260
1752409261
1752409261
1752409261
1752409261
1752409261
1752409261
1752409261
1752409261
1752409261
1752409261
1752409261
1752409261
1752409261
1752409261
1752409261
1752409261
1752409262
1752409262
1752409262
1752409262
1752409262
1752409262
1752409262
1752409262
1752409262
1752409262
1752409262
1752409263
1752409263
1752409263
1752409263
1752409263
1752409263
1752409263
1752409263
1752409263
1752409263
1752409263
1752409264
1752409264
1752409264
1752409264
1752409264
1752409264
1752409264
1752409264
1752409264
1752409264
1752409264
1752409264
1752409264
1752409264
1752409264
1752409264
1752409265
1752409265
1752409265
1752409265
1752409265
1752409265
1752409265
1752409265
1752409265
1752409265
1752409265
1752409265
1752409265
1752409265
1752409265
1752409266
1752409266
1752409266
1752409266
1752409266
1752409266
1752409266
1752409266
1752409266
1752409266
1752409266
1752409266
1752409266
1752409266
1752409266
1752409266
1752409266
1752409266
1752409266
1752409266
1752409267
1752409267
1752409267
1752409267
1752409267
1752409267
1752409267
1752409267
1752409267
1752409267
1752409268
1752409268
1752409268
1752409268
1752409268
1752409268
1752409268
1752409268
1752409268
1752409268
1752409268
1752409268
1752409268
1752409268
1752409269
1752409269
1752409269
1752409269
1752409269
1752409269
1752409269
1752409269
1752409269
1752409269
1752409269
1752409270
1752409270
1752409270
1752409270
1752409270
1752409270
1752409270
1752409270
1752409270
1752409270
1752409270
1752409270
1752409270
1752409270
1752409270
1752409271
1752409271
1752409271
1752409271
1752409271
1752409271
1752409271
1752409271
1752409271
1752409271
1752409271
1752409271
1752409271
1752409271
1752409271
1752409272
1752409272
1752409272
1752409272
1752409272
1752409272
1752409272
1752409272
1752409272
175240